0
0 0 0.25 1 1 1 0.75 0 0 0
0 0 0.75 1 0.75 0.5 1 0.75 0 0
0 0.5 1 0.75 0 0 0.75 1 0.25 0
0 0.5 1 0.5 0 0 0 1 0.5 0
0 0.5 1 0.5 0 0 0 1 0.5 0
0 0.5 1 0.5 0 0 0 1 0.5 0
0 0.5 1 0.5 0 0 0.25 1 0.5 0
0 0 0.75 0.75 0 0 0.75 1 0 0
0 0 0.75 1 0.75 0.75 1 0.75 0 0
0 0 0 0.75 1 1 0.75 0 0 0
0
0 0 0.25 0.75 1 1 1 0.75 0.25 0
0 0.75 1 1 0.75 0.5 1 1 1 0
0.25 1 1 0.75 0 0 0 0.75 1 0.25
0.5 1 1 0 0 0 0 0 1 0.5
0.5 1 1 0 0 0 0 0.25 1 1
0.5 1 1 0 0 0 0 0.75 1 1
0 1 1 0.5 0 0 0.75 1 1 0.25
0 0.5 0.75 1 0.75 0.75 1 0.75 0.5 0
0 0 0.5 1 1 1 1 0.5 0 0
0 0 0 0 0.5 0.5 0 0 0 0
0
0 0 0 0 0 0 0 0 0 0
0 0 0 0.5 1 0.75 0.25 0 0 0
0 0 0.75 1 1 1 1 0.25 0 0
0 0.25 1 0.75 0 0.25 1 0.75 0 0
0 0.5 1 0.25 0 0 0.75 1 0.25 0
0 0.5 1 0 0 0 0.5 1 0.5 0
0 0.25 1 0.75 0.25 0 0.75 1 0.5 0
0 0 0.75 1 0.75 0.75 1 1 0 0
0 0 0.25 0.75 1 1 1 0.5 0 0
0 0 0 0 0.5 0.5 0 0 0 0
0
0.25 0.25 0.25 0.75 1 1 1 0.25 0.25 0.5
0.25 0.5 1 1 0.75 0.5 1 1 0.75 0.25
0.25 1 0.75 0.25 0 0 0 0.75 1 0.5
0.5 1 0.25 0 0 0 0 0 1 1
1 0.75 0 0 0 0 0 0 0.5 1
1 0.5 0 0 0 0 0 0 0.5 1
1 0.75 0 0 0 0 0 0 0.75 1
0.75 1 0.25 0 0 0 0 0.25 1 1
0.25 1 1 0.5 0.5 0.5 0.5 1 1 0.75
0.25 0.5 0.75 1 1 1 1 1 0.5 0.25
1
0 0 0 0.5 1 1 0.5 0 0 0
0 0 0 0.5 1 1 0.5 0 0 0
0 0 0 0.5 1 1 0.5 0 0 0
0 0 0 0.5 1 1 0.5 0 0 0
0 0 0 0.5 1 1 0.5 0 0 0
0 0 0 0.5 1 1 0.5 0 0 0
0 0 0 0.5 1 1 0.5 0 0 0
0 0 0 0.5 1 1 0.5 0 0 0
0 0 0 0.5 1 1 0.5 0 0 0
0 0 0 0.5 1 1 0.5 0 0 0
1
0 0 0.5 1 1 1 0.5 0 0 0
0 0.25 1 1 1 1 0.5 0 0 0
0 0.5 1 0.5 0.5 1 0.5 0 0 0
0 0 0 0 0.5 1 0.5 0 0 0
0 0 0 0 0.5 1 0.5 0 0 0
0 0 0 0 0.5 1 0.5 0 0 0
0 0 0 0 0.5 1 0.5 0 0 0
0 0 0 0 0.5 1 0.5 0 0 0
0 0 0 0 0.5 1 0.5 0 0 0
0 0 0 0 0.5 1 0.5 0 0 0
1
0 0 0 0.5 1 1 0.5 0 0 0
0 0.25 1 1 1 1 0.5 0 0 0
0 0.5 1 0.75 0.75 1 0.5 0 0 0
0 0.25 0.25 0 0.5 1 0.5 0 0 0
0 0 0 0 0.5 1 0.5 0 0 0
0 0 0 0 0.5 1 0.5 0 0 0
0 0 0 0 0.5 1 0.5 0 0 0
0 0 0 0 0.5 1 0.5 0 0 0
0 0.25 0.5 0.5 0.75 1 0.75 0.5 0.25 0
0 1 1 1 1 1 1 1 1 0
1
0 0 1 1 1 1 0.5 0 0 0
0 0 1 1 1 1 0.5 0 0 0
0 0 0 0 0.5 1 0.5 0 0 0
0 0 0 0 0.5 1 0.5 0 0 0
0 0 0 0 0.5 1 0.5 0 0 0
0 0 0 0 0.5 1 0.5 0 0 0
0 0 0 0 0.5 1 0.5 0 0 0
0 0 0 0 0.5 1 0.5 0 0 0
0 0.25 0.5 0.5 0.75 1 0.75 0.5 0.5 0
0.75 1 1 1 1 1 1 1 1 0.75
2
0 0 0.75 1 1 1 0.25 0 0 0
0 0.75 1 0.75 0.5 1 1 0.75 0 0
0 1 0.75 0 0 0.75 1 1 0 0
0 0 0 0 0 0.5 1 0.75 0 0
0 0 0 0 0 1 1 0.25 0 0
0 0 0 0 0.75 1 0.25 0 0 0
0 0 0.25 0.75 1 0.75 0 0 0 0
0 0.25 1 1 0.5 0 0 0 0 0
0.25 1 1 1 0.5 0.5 0.5 0.5 0.25 0
1 1 1 1 1 1 1 1 1 0
2
0 0.25 0.75 1 1 1 0.75 0 0 0
0 0.5 1 0.5 0.5 1 1 0 0 0
0 0.25 0.25 0 0 0.5 1 0 0 0
0 0 0 0 0 0.75 1 0 0 0
0 0 0 0 0.5 1 0.5 0 0 0
0 0 0.25 0.75 1 0.5 0 0 0 0
0 0.5 1 1 0.75 0 0 0 0 0
0.25 0.75 1 1 1 0.5 0.5 0 0 0
0 0 0 0.5 0.75 1 1 1 1 0
0 0 0 0 0 0 0.5 1 0.5 0
2
0 0.25 1 1 1 1 1 1 0.5 0
0.5 1 1 1 0.25 0 0.25 0.75 1 0.75
0.5 1 0.5 0.25 0 0 0 0.5 1 1
0 0 0 0 0 0 0.25 1 1 1
0 0 0 0 0 0.25 1 1 0.75 0.25
0 0 0 0 0.5 1 1 0.5 0 0
0 0 0 0.75 1 1 0.25 0 0 0
0 0 0.75 1 1 0.25 0 0 0 0
0 0.25 1 1 0.5 0 0 0.25 0.5 0.25
0.25 1 1 1 1 1 1 1 1 0.5
2
0 0.25 0.75 1 0.75 0.25 0 0 0 0
0.25 1 0.75 0.5 1 1 0.25 0 0 0
1 1 0.25 0 0.5 1 0.5 0 0 0
0.5 0.25 0 0 0.75 1 0 0 0 0
0 0 0 0.25 1 0.5 0 0 0 0
0 0 0 1 0.75 0 0 0 0 0
0 0 0.5 1 0.25 0 0 0 0 0
0 0.25 1 0.75 0 0 0.25 0.75 1 0.75
0 0.75 1 0.75 0.75 1 1 1 0.5 0
0.5 1 1 1 1 0.75 0.25 0 0 0
3
0 0 0.25 0.75 1 1 1 0.75 0 0
0 0 1 1 0.5 0.5 0.75 1 0.75 0
0 0 0.5 0.25 0 0 0 0.75 1 0
0 0 0 0 0 0 0 0.5 1 0
0 0 0 0 0 0.25 0.75 1 0.25 0
0 0 0 0 0 1 1 0.75 0 0
0 0 0 0 0 0 0.25 1 0.75 0
0 0 0.5 0 0 0 0 1 1 0
0 0 1 1 0.5 0.5 1 1 0.75 0
0 0 0.25 1 1 1 1 0.5 0 0
3
0 0.75 1 1 1 1 1 0.5 0 0
0.5 1 1 0.5 0.5 0.5 0.75 1 0.25 0
0.75 0.25 0 0 0 0 0 0.75 1 0
0 0 0 0 0 0 0 0.5 1 0.25
0 0 0 0 0 0 0.25 1 1 0.25
0 0 0 0 0.25 1 1 1 0.75 0
0 0 0 0 0 0 0.5 1 1 0.5
0.25 0.5 0 0 0 0 0 1 1 0.5
0.5 1 0.75 0.5 0 0.25 0.75 1 1 0.25
0 0.5 0.75 1 1 1 1 0.75 0.25 0
3
0 0 0.25 1 1 1 1 0 0 0
0 0 1 0.75 0 0.25 1 0.5 0 0
0 0 0.5 0 0 0 1 1 0 0
0 0 0 0 0 0 1 0.25 0 0
0 0 0 0 0.25 1 0.5 0 0 0
0 0 0 0 0.25 0.75 1 0 0 0
0 0 0 0 0 0 1 0.5 0 0
0 0 0.5 0.25 0 0 1 1 0 0
0 0 0.75 0.75 0 0.25 1 0.5 0 0
0 0 0.25 0.75 1 1 0.75 0 0 0
3
0.75 1 1 1 1 1 1 1 1 1
0 0.5 0.5 0.5 0.5 0.5 0.5 0.5 0.75 1
0 0 0 0 0 0 0 0 0.5 1
0 0 0 0 0 0 0 0 0.5 1
0 0 0.25 0.5 0.5 0.5 0.5 0.5 1 1
0 0.25 0.75 1 1 1 1 1 1 1
0 0 0 0.25 0.5 0.5 0.5 0.5 0.75 1
0 0 0 0 0 0 0 0 0.5 1
0 0 0.5 0.5 0.5 0.5 0.5 0.5 0.75 1
0.5 1 1 1 1 1 1 1 1 1
4
0 0 0 0 0.25 1 1 1 0.5 0
0 0 0 0.25 1 1 0.75 1 0.5 0
0 0 0 1 1 0.25 0.5 1 0.5 0
0 0 0.75 1 0.25 0 0.5 1 0.5 0
0 0.75 0.75 0.25 0 0 0.5 1 0.5 0
0.75 1 0.75 0.5 0.5 0.5 0.75 1 0.75 0.5
1 1 1 1 1 1 1 1 1 1
0.5 0.5 0.5 0.5 0.5 0.5 0.75 1 0.75 0.5
0 0 0 0 0 0 0.5 1 0.5 0
0 0 0 0 0 0 0.5 1 0.5 0
4
0 1 0.5 0 0 0.5 1 0.5 0 0
0 1 0.5 0 0 0.5 1 0.5 0 0
0.5 1 0.5 0 0 0.5 1 0.5 0 0
0.5 1 0.5 0 0 0.5 1 0.5 0 0
0 1 0.75 0 0 0.75 1 0.5 0 0
0 1 1 0.75 0.75 1 1 1 0.5 0.5
0 1 1 1 1 1 1 1 1 1
0 0.5 0.5 0.5 0.5 0.75 1 0.75 0.5 0.5
0 0 0 0 0 0.5 1 0.5 0 0
0 0 0 0 0 0.5 1 0.5 0 0
4
0 0 0 0 0.75 1 1 0 0 0
0 0 0 0.75 1 1 1 0 0 0
0 0.25 0.75 1 1 1 1 0 0 0
0.25 0.75 1 0.75 0 1 1 0 0 0
1 1 0.5 0 0 1 1 0 0 0
1 1 0.5 0.5 0.5 1 1 0.5 0.5 0.5
1 1 1 1 1 1 1 1 1 1
0.5 0.5 0.5 0.5 0.5 1 1 0.5 0.5 0.5
0 0 0 0 0 1 1 0 0 0
0 0 0 0 0 1 1 0 0 0
4
0 0.5 1 0.5 0 0 0 0 0 0
0 0.5 1 0 0 0 0.5 0.25 0 0
0 0.5 1 0 0 0 1 0.5 0 0
0 0.5 1 0 0 0 1 0.5 0 0
0 0.5 1 0 0 0 1 0.5 0 0
0 0.5 1 0.75 0 0 1 0.5 0.25 0.25
0 0 0.75 1 1 1 1 1 1 0.5
0 0 0 0.5 0.5 0.5 1 0.75 0.5 0
0 0 0 0 0 0 1 0.5 0 0
0 0 0 0 0 0 1 0.5 0 0
5
0 0.75 1 1 1 1 1 1 1 0
0 0.5 1 0.5 0.5 0.5 0.5 0.5 0.25 0
0 0.5 1 0 0 0 0 0 0 0
0 0.5 1 0 0 0 0 0 0 0
0 0.5 1 1 1 1 0.75 0.5 0 0
0 0.25 0.5 0.5 0.5 0.75 1 1 0.5 0
0 0 0 0 0 0 0.5 1 1 0
0 0 0 0 0 0 0 1 1 0
0 0.5 0.75 0.5 0.5 0.5 1 1 0.25 0
0 0.5 1 1 1 1 1 0.75 0 0
5
1 1 1 1 1 1 1 1 1 1
1 0.75 0.5 0.5 0.5 0.5 0.5 0.5 0.5 0.5
1 0.5 0 0 0 0 0 0 0 0
1 0.5 0 0 0 0 0 0 0 0
1 1 1 1 1 1 1 1 0.5 0
1 1 1 0.75 0.5 0.5 0.75 1 1 0.75
0.5 0.25 0 0 0 0 0 0.75 1 1
0 0 0 0 0 0 0.25 0.75 1 0.75
0.5 0.5 0.5 0.5 0.5 0.5 0.75 1 1 0
1 1 1 1 1 1 1 0.75 0.25 0
5
0 0 0.5 0.75 1 1 1 1 0.5 0
0 0.5 1 1 1 1 1 0.75 0 0
0 0.5 1 0.25 0 0 0 0 0 0
0 0.5 1 0 0 0 0 0 0 0
0 0.5 1 0.5 0.5 0.5 0.5 0.25 0 0
0 0.5 1 1 1 1 1 1 0.25 0
0 0 0.5 0.5 0.25 0 0.25 1 1 0
0 0 0 0 0 0 0 1 1 0
0 0.25 1 0.75 0.5 0.5 0.75 1 0.75 0
0 0.25 0.75 1 1 1 1 0.75 0 0
5
0 0 0.5 1 1 1 1 1 0 0
0 0 1 1 0.5 0.5 0 0 0 0
0 0.25 1 0.75 0 0 0 0 0 0
0 0.5 1 0.5 0 0.5 0.5 0 0 0
0 0.5 1 1 1 1 1 1 0.25 0
0 0.5 0.75 0.5 0.5 0 0.5 1 1 0
0 0 0 0 0 0 0 0.5 1 0
0 0.5 0 0 0 0 0 0.75 1 0
0 0.75 1 0.5 0.25 0.5 0.75 1 0.25 0
0 0 0.75 1 1 1 1 0.5 0 0
6
0 0 0 0 0.5 1 1 1 0.25 0
0 0 0 0.75 1 1 0.75 0 0 0
0 0 0.75 1 0.75 0 0 0 0 0
0 0.5 1 1 1 1 0.5 0.25 0 0
0 1 1 1 1 1 1 0.75 0 0
0 1 1 0.75 0 0 0 1 0.75 0
0 1 1 0 0 0 0 0.5 1 0
0 0.5 1 0.5 0 0 0 0.75 1 0
0 0 0.75 1 0.5 0.5 1 1 0.25 0
0 0 0.25 1 1 1 1 0.25 0 0
6
0 0 0 0.75 1 0.25 0 0 0 0
0 0 0.75 1 0.5 0 0 0 0 0
0 0.25 1 1 0 0 0 0 0 0
0 0.5 1 0.75 0.5 0.5 0 0 0 0
0 1 1 1 1 1 1 0 0 0
0 1 1 0.25 0 0.25 1 1 0 0
0 1 0.5 0 0 0 0.75 1 0.5 0
0 1 0.5 0 0 0 0.75 1 0.5 0
0 1 1 0.75 0.5 0.75 1 1 0 0
0 0 0.5 1 1 1 0.75 0.25 0 0
6
0 0 0.25 0.75 1 1 1 1 1 0
0 0 0.75 1 0.75 0 0.25 0.5 0.5 0
0 0.5 1 0.75 0.25 0 0 0 0 0
0 1 1 0 0 0 0 0 0 0
0.5 1 1 1 1 1 1 1 0.75 0
1 1 1 0.25 0 0 0.25 0.75 1 0.25
0.75 1 1 0 0 0 0 0 1 1
0.25 1 1 0 0 0 0 0 1 0.75
0 0.75 1 0.75 0.25 0 0.25 0.75 1 0.25
0 0 0.5 1 1 1 1 0.75 0.25 0
6
0 0 0.25 1 1 0.5 0 0 0 0
0 0 1 1 0.5 0 0 0 0 0
0 0.5 1 0.5 0 0 0 0 0 0
0 0.5 1 0.5 0 0 0 0 0 0
0 0.5 1 1 0.5 0.5 0.25 0 0 0
0 0.5 1 1 0.75 1 1 0.25 0 0
0 0.5 1 0.5 0 0 1 0.75 0 0
0 0.5 1 0.5 0 0 1 1 0 0
0 0.25 1 1 0.5 0.75 1 0.25 0 0
0 0 0.25 1 1 1 0.25 0 0 0
7
1 1 1 1 1 1 1 1 1 1
1 1 1 1 1 1 1 1 1 1
0 0 0 0 0 0 0 0.5 1 1
0 0 0 0 0 0 0.25 1 1 0.75
0 0 0 0 0 0.25 1 1 0.75 0
0 0 0 0 0 0.75 1 0.75 0 0
0 0 0 0 0.75 1 0.75 0 0 0
0 0 0 0.75 1 1 0 0 0 0
0 0 0.75 1 1 0.5 0 0 0 0
0.5 1 1 1 0.75 0 0 0 0 0
7
0.25 1 1 1 0.75 1 1 1 1 1
0.25 1 1 0.5 0.5 0.5 0.75 1 1 1
0 0 0 0 0 0 0 1 1 0.75
0 0 0 0 0 0 0.5 1 1 0.25
0 0 0 0 0 0 0.75 1 0.75 0
0 0.5 1 1 1 1 1 1 1 1
0 0.75 1 1 1 1 1 1 1 0.5
0 0 0 0 0.75 1 0.75 0 0 0
0 0 0 0.5 1 1 0 0 0 0
0 0 0 1 1 0.5 0 0 0 0
7
0.5 0.75 1 1 1 1 1 1 1 1
0.5 1 1 1 1 1 1 1 1 1
0 0 0.5 0.5 0.5 1 1 0.75 1 0.5
0 0 0 0 0 0 0 0.75 1 0.5
0 0 0 0 0 0 0 1 1 0.5
0 0 0 0 0 0 0 1 1 0.25
0 0 0 0 0 0 0.25 1 0.75 0
0 0 0 0 0 0 0.5 1 0.25 0
0 0 0 0 0 0 1 1 0 0
0 0 0 0 0 0.5 1 1 0 0
7
1 1 1 1 1 1 1 1 1 1
1 1 0.5 0.5 0.5 0.5 0.75 1 1 0.75
0 0 0 0 0 0 0.75 1 0.75 0
0 0 0 0 0 0.75 1 1 0 0
0 0 0 0 0.5 1 0.75 0 0 0
0 0 0 0.25 1 1 0.25 0 0 0
0 0 0.25 0.75 1 0.25 0 0 0 0
0 0.25 0.75 1 0.25 0 0 0 0 0
0.25 0.75 1 0.75 0 0 0 0 0 0
1 1 0.75 0 0 0 0 0 0 0
8
0 0 0.5 1 1 1 1 0.5 0 0
0 0.5 1 0.75 0 0.25 1 1 0 0
0 0.75 1 0 0 0 0.5 1 0 0
0 0.75 1 0.5 0 0.25 1 1 0 0
0 0 1 1 1 1 1 1 0.75 0
0 0.5 1 0.75 0.5 0.5 0.75 1 1 0.5
0 0.75 0.75 0 0 0 0 1 1 0.5
0 1 0.75 0 0 0 0 0.75 1 0
0 1 1 0.5 0 0.25 0.75 1 0.75 0
0 0.25 1 1 1 1 1 0.5 0.25 0
8
0 0.75 1 1 1 1 1 1 0.75 0
0.75 1 0.5 0 0 0 0 0.5 1 0.75
1 1 0 0 0 0 0 0 0.75 1
1 1 0.5 0 0 0 0 0.25 1 0.75
0.5 1 1 1 0.5 0.5 0.5 1 1 0.25
0 1 1 0.75 0.5 0.5 0.5 1 1 1
0.5 1 0.75 0 0 0 0 0.25 1 1
1 1 0.25 0 0 0 0 0 1 0.75
0.75 1 0.75 0 0 0 0.25 1 1 0.5
0 0.5 1 1 1 1 1 0.75 0.5 0
8
0 0 0 0.75 1 1 0.75 0.25 0 0
0 0 0.5 1 0.25 0.25 1 0.5 0 0
0 0 1 1 0 0 1 0.5 0 0
0 0 1 1 0.25 0.25 1 0.5 0 0
0 0 0.5 1 1 1 0.75 0 0 0
0 0.5 1 1 0.5 0.75 0.75 0.25 0 0
0 1 1 0.25 0 0 1 1 0 0
0 1 1 0 0 0 0.75 1 0 0
0 0.25 1 1 0.5 0.75 1 1 0 0
0 0 0.25 0.75 1 1 0.5 0.25 0 0
8
0 0 0.25 0.75 1 1 0.5 0 0 0
0 0.25 1 1 0.25 0.25 1 0.25 0 0
0 0.5 1 0.5 0 0 1 1 0 0
0 0 1 0.5 0 0.25 1 0.75 0 0
0 0 0.25 1 0.75 1 1 0.25 0 0
0 0 0.25 1 1 1 0.75 0.25 0 0
0 0.25 1 1 0.25 0.25 1 1 0 0
0 0.25 1 0.75 0 0 1 1 0 0
0 0 0.75 1 0.75 0.75 1 0.5 0 0
0 0 0 0.75 1 1 0.75 0 0 0
9
0 0 0.75 1 1 1 1 0.75 0.25 0
0 0.75 1 1 0.5 0.5 0.75 1 1 0.25
0.5 1 1 0 0 0 0 1 1 1
0.25 1 1 0.5 0 0 0.75 1 1 1
0 0.75 1 1 1 1 1 1 1 1
0 0 0.25 0.5 0.5 0.5 0.25 0.5 1 1
0 0 0 0 0 0 0 0.75 1 0.75
0 0.75 0.75 0.25 0 0 0.75 1 1 0.25
0 0.75 1 1 0.75 0.5 1 1 0.75 0
0 0.25 0.75 1 1 1 1 0.25 0 0
9
0 0 0.5 1 1 1 1 0.75 0 0
0 0.25 1 1 1 1 1 1 0.75 0
0 0.5 1 0.5 0 0 0.25 1 1 0
0 0.5 1 0.5 0 0 0 1 1 0
0 0.5 1 0.5 0 0 0 1 1 0
0 0.25 1 1 1 1 1 1 1 0
0 0 0.5 0.75 1 1 1 0.75 1 0
0 0 0 0 0 0 0 0.5 1 0
0 0 0 0 0 0 0 0.5 1 0
0 0 0 0 0 0 0.25 1 1 0
9
0 0.25 1 1 1 1 1 1 0.75 0
0.25 1 1 0.25 0 0 0.25 0.5 1 0.75
0.5 1 0.5 0 0 0 0 0 1 1
0.5 1 0.75 0.5 0 0 0.25 0.75 1 1
0.5 1 1 1 1 1 1 1 1 1
0 0 0.25 0.5 0.5 0.5 0.5 0.75 1 1
0 0 0 0 0 0 0 0 1 1
0.25 0.5 0.25 0 0 0 0 0.25 1 1
0.25 1 1 0.5 0.5 0.5 0.75 1 1 0.75
0 0.25 1 1 1 1 1 1 0.75 0
9
0 0 0.25 1 1 1 0.25 0 0 0
0 0.5 1 0.75 0.5 1 0.75 0.25 0 0
0 1 1 0 0 0.5 1 0.5 0 0
0 1 1 0 0 0.5 1 0.5 0 0
0 0.5 1 0.75 0.5 1 1 0.5 0 0
0 0 0.75 1 1 1 1 0.5 0 0
0 0 0 0 0 0.5 1 0.5 0 0
0 0 0 0 0 0.5 1 0.5 0 0
0 0 0 0 0 0.5 1 0.5 0 0
0 0 0 0 0 0.5 1 0.5 0 0